   300.00 999.96720095358148 
   303.62 999.97082027530894 
   307.23 999.97438873222666 
   310.85 999.97773992561190 
   314.47 999.98076307546182 
   318.08 999.98340303121040 
   321.70 999.98565237351340 
   325.32 999.98753853918697 
   328.93 999.98910760242882 
   332.55 999.99041195868483 
   336.17 999.99149754671680 
   339.78 999.99239723082053 
   343.40 999.99312795891262 
   347.02 999.99369168489636 
   350.64 999.99407912371998 
   354.25 999.99427528807917 
   357.87 999.99426582069657 
   361.49 999.99404327133084 
   365.10 999.99361258568513 
   368.72 999.99299514398672 
   372.34 999.99223074165980 
   375.95 999.99137823635931 
   379.57 999.99050659618513 
   383.19 999.98969849485229 
   386.80 999.98903449900092 
   390.42 999.98858570835876 
   394.04 999.98840634138571 
   397.65 999.98852558577721 
   401.27 999.98894506237480 
   404.89 999.98963843558874 
   408.50 999.99055634103411 
   412.12 999.99163280745859 
   415.74 999.99279433201184 
   419.35 999.99396888998706 
   422.97 999.99509324526957 
   426.59 999.99611827896490 
   430.21 999.99701076662132 
   433.82 999.99775405530943 
   437.44 999.99834489880129 
   441.06 999.99879012699660 
   444.67 999.99910270343617 
   448.29 999.99929817485702 
   451.91 999.99939201242933 
   455.52 999.99939810303795 
   459.14 999.99932807963273 
   462.76 999.99919242384340 
   466.37 999.99900087397884 
   469.99 999.99875275251793 
   473.61 999.99847103131026 
   477.22 999.99815951101914 
   480.84 999.99782606225142 
   484.46 999.99747216185051 
   488.07 999.99708804795796 
   491.69 999.99664534950045 
   495.31 999.99608620778656 
   498.92 999.99531658537205 
   502.54 999.99419464899336 
   506.16 999.99252513293970 
   509.78 999.99005817070827 
   513.39 999.98649643661838 
   517.01 999.98151351049205 
   520.63 999.97478548891957 
   524.24 999.96603595964996 
   527.86 999.95509153945284 
   531.48 999.94194161568441 
   535.09 999.92679249345213 
   538.71 999.91010389731707 
   542.33 999.89259580366252 
   545.94 999.87521663156633 
   549.56 999.85906991355444 
   553.18 999.84530477811859 
   556.79 999.83498411452751 
   560.41 999.82895091640250 
   564.03 999.82771594361179 
   567.64 999.83138760176064 
   571.26 999.83965713103441 
   574.88 999.85184231240100 
   578.49 999.86698093552138 
   582.11 999.88395641618445 
   585.73 999.90163289245129 
   589.35 999.91897738615944 
   592.96 999.93515165800420 
   596.58 999.94956339997577 
   600.20 999.96187804079216 
   603.81 999.97199442191879 
   607.43 999.97999815187677 
   611.05 999.98610159234295 
   614.66 999.99059330386808 
   618.28 999.99377538361534 
   621.90 999.99594666213795 
   625.51 999.99735955035078 
   629.13 999.99821892462603 
   632.75 999.99867581935257 
   636.36 999.99883085676368 
   639.98 999.99873590365507 
   643.60 999.99839930348935 
   647.21 999.99778889825586 
   650.83 999.99683491099393 
   654.45 999.99543320548116 
   658.06 999.99345873909704 
   661.68 999.99074215261498 
   665.30 999.98714399128380 
   668.91 999.98252910767212 
   672.53 999.97680856794852 
   676.15 999.96996957173963 
   679.77 999.96210084584766 
   683.38 999.95340434541936 
   687.00 999.94422122698779 
   690.62 999.93499123429012 
   694.23 999.92623424886983 
   697.85 999.91849128383421 
   701.47 999.91227231975108 
   705.08 999.90797488815178 
   708.70 999.90583308061753 
   712.32 999.90587376637529 
   715.93 999.90789917499251 
   719.55 999.91149702079224 
   723.17 999.91607665753895 
   726.78 999.92092591667335 
   730.40 999.92528092855048 
   734.02 999.92840062608821 
   737.63 999.92963849435284 
   741.25 999.92850577190075 
   744.87 999.92472195160099 
   748.48 999.91824951982153 
   752.10 999.90931030247714 
   755.72 999.89838091875629 
   759.34 999.88616516009392 
   762.95 999.87354285014442 
   766.57 999.86149569435611 
   770.19 999.85102024421224 
   773.80 999.84302717175660 
   777.42 999.83825000178933 
   781.04 999.83716837518170 
   784.65 999.83995980188070 
   788.27 999.84648676101074 
   791.89 999.85632087092415 
   795.50 999.86879983873541 
   799.12 999.88310896272480 
   802.74 999.89836671339003 
   806.35 999.91372468828979 
   809.97 999.92842597678782 
   813.59 999.94187554908945 
   817.20 999.95365611152135 
   820.82 999.96353274876242 
   824.44 999.97144754654187 
   828.05 999.97747711643353 
   831.67 999.98180589094898 
   835.29 999.98468593717996 
   838.91 999.98640293945743 
   842.52 999.98724639441991 
   846.14 999.98748529299223 
   849.76 999.98734925639383 
   853.37 999.98701512236403 
   856.99 999.98659757210942 
   860.61 999.98614808082857 
   864.22 999.98565694337128 
   867.84 999.98506374140493 
   871.46 999.98427860128675 
   875.07 999.98318205690930 
   878.69 999.98168805759201 
   882.31 999.97973819409583 
   885.92 999.97733248590430 
   889.54 999.97454367255204 
   893.16 999.97151402120051 
   896.77 999.96845537569857 
   900.39 999.96561977678471 
   904.01 999.96327163652381 
   907.62 999.96165299357688 
   911.24 999.96095030863307 
   914.86 999.96126857623801 
   918.48 999.96261729533660 
   922.09 999.96491060391918 
   925.71 999.96798114841829 
   929.33 999.97160467455581 
   932.94 999.97553049980979 
   936.56 999.97951234826428 
   940.18 999.98333456564887 
   943.79 999.98683023636261 
   947.41 999.98988972683321 
   951.03 999.99246015010556 
   954.64 999.99453820154588 
   958.26 999.99615618048256 
   961.88 999.99737221938653 
   965.49 999.99825492530806 
   969.11 999.99887426093971 
   972.73 999.99929350643538 
   976.34 999.99956837692275 
   979.96 999.99974159818055 
   983.58 999.99984454263029 
   987.19 999.99990006292524 
   990.81 999.99992104465139 
   994.43 999.99991316497847 
   998.04 999.99987523616778 
  1001.66 999.99979934230043 
  1005.28 999.99967048091730 
  1008.90 999.99946725389918 
  1012.51 999.99915521260527 
  1016.13 999.99869737592849 
  1019.75 999.99804672353252 
  1023.36 999.99715153815350 
  1026.98 999.99595993042442 
  1030.60 999.99442648626803 
  1034.21 999.99252069405372 
  1037.83 999.99023627300858 
  1041.45 999.98759999596371 
  1045.06 999.98467822684165 
  1048.68 999.98157932969536 
  1052.30 999.97845046130055 
  1055.91 999.97546805119305 
  1059.53 999.97282239824358 
  1063.15 999.97069805143758 
  1066.76 999.96925270285499 
  1070.38 999.96859791603652 
  1074.00 999.96878494692737 
  1077.61 999.96979814934559 
  1081.23 999.97155713562836 
  1084.85 999.97392727870499 
  1088.47 999.97673665833918 
  1092.08 999.97979650592174 
  1095.70 999.98292180280509 
  1099.32 999.98594897841781 
  1102.93 999.98874850717505 
  1106.55 999.99123136775245 
  1110.17 999.99334951328717 
  1113.78 999.99509145403010 
  1117.40 999.99647461915310 
  1121.02 999.99753630433202 
  1124.63 999.99832479274164 
  1128.25 999.99889179022819 
  1131.87 999.99928678907850 
  1135.48 999.99955349464585 
  1139.10 999.99972809457915 
  1142.72 999.99983894975298 
  1146.33 999.99990722578093 
  1149.95 999.99994802600759 
  1153.57 999.99997168550703 
  1157.18 999.99998500082825 
  1160.80 999.99999227436376 
  1164.42 999.99999657871547 
  1168.04 999.99999831759476 
  1171.65 999.99999919634286 
  1175.27 1000.00000000000000 
  1178.89 1000.00000000000000 
  1182.50 1000.00000000000000 
  1186.12 1000.00000000000000 
  1189.74 1000.00000000000000 
  1193.35 1000.00000000000000 
  1196.97 1000.00000000000000 
  1200.59 1000.00000000000000 
  1204.20 1000.00000000000000 
  1207.82 1000.00000000000000 
  1211.44 1000.00000000000000 
  1215.05 1000.00000000000000 
  1218.67 1000.00000000000000 
  1222.29 1000.00000000000000 
  1225.90 1000.00000000000000 
  1229.52 1000.00000000000000 
  1233.14 1000.00000000000000 
  1236.75 1000.00000000000000 
  1240.37 1000.00000000000000 
  1243.99 1000.00000000000000 
  1247.61 1000.00000000000000 
  1251.22 1000.00000000000000 
  1254.84 1000.00000000000000 
  1258.46 1000.00000000000000 
  1262.07 1000.00000000000000 
  1265.69 1000.00000000000000 
  1269.31 1000.00000000000000 
  1272.92 1000.00000000000000 
  1276.54 1000.00000000000000 
  1280.16 1000.00000000000000 
  1283.77 1000.00000000000000 
  1287.39 1000.00000000000000 
  1291.01 1000.00000000000000 
  1294.62 1000.00000000000000 
  1298.24 1000.00000000000000 
  1301.86 1000.00000000000000 
  1305.47 1000.00000000000000 
  1309.09 1000.00000000000000 
  1312.71 1000.00000000000000 
  1316.32 1000.00000000000000 
  1319.94 1000.00000000000000 
  1323.56 1000.00000000000000 
  1327.17 1000.00000000000000 
  1330.79 1000.00000000000000 
  1334.41 1000.00000000000000 
  1338.03 1000.00000000000000 
  1341.64 1000.00000000000000 
  1345.26 1000.00000000000000 
  1348.88 1000.00000000000000 
  1352.49 1000.00000000000000 
  1356.11 1000.00000000000000 
  1359.73 1000.00000000000000 
  1363.34 1000.00000000000000 
  1366.96 1000.00000000000000 
  1370.58 1000.00000000000000 
  1374.19 1000.00000000000000 
  1377.81 1000.00000000000000 
  1381.43 1000.00000000000000 
  1385.04 1000.00000000000000 
  1388.66 1000.00000000000000 
  1392.28 1000.00000000000000 
  1395.89 1000.00000000000000 
  1399.51 1000.00000000000000 
  1403.13 1000.00000000000000 
  1406.74 1000.00000000000000 
  1410.36 1000.00000000000000 
  1413.98 1000.00000000000000 
  1417.60 1000.00000000000000 
  1421.21 1000.00000000000000 
  1424.83 1000.00000000000000 
  1428.45 1000.00000000000000 
  1432.06 1000.00000000000000 
  1435.68 1000.00000000000000 
  1439.30 1000.00000000000000 
  1442.91 1000.00000000000000 
  1446.53 1000.00000000000000 
  1450.15 1000.00000000000000 
  1453.76 1000.00000000000000 
  1457.38 1000.00000000000000 
  1461.00 1000.00000000000000 
  1464.61 1000.00000000000000 
  1468.23 1000.00000000000000 
  1471.85 1000.00000000000000 
  1475.46 1000.00000000000000 
  1479.08 1000.00000000000000 
  1482.70 1000.00000000000000 
  1486.31 1000.00000000000000 
  1489.93 1000.00000000000000 
  1493.55 1000.00000000000000 
  1497.17 1000.00000000000000 
  1500.78 1000.00000000000000 
  1504.40 1000.00000000000000 
  1508.02 1000.00000000000000 
  1511.63 1000.00000000000000 
  1515.25 1000.00000000000000 
  1518.87 1000.00000000000000 
  1522.48 1000.00000000000000 
  1526.10 1000.00000000000000 
  1529.72 1000.00000000000000 
  1533.33 1000.00000000000000 
  1536.95 1000.00000000000000 
  1540.57 1000.00000000000000 
  1544.18 1000.00000000000000 
  1547.80 1000.00000000000000 
  1551.42 1000.00000000000000 
  1555.03 1000.00000000000000 
  1558.65 1000.00000000000000 
  1562.27 1000.00000000000000 
  1565.88 1000.00000000000000 
  1569.50 1000.00000000000000 
  1573.12 1000.00000000000000 
  1576.74 1000.00000000000000 
  1580.35 1000.00000000000000 
  1583.97 1000.00000000000000 
  1587.59 1000.00000000000000 
  1591.20 1000.00000000000000 
  1594.82 1000.00000000000000 
  1598.44 1000.00000000000000 
  1602.05 1000.00000000000000 
  1605.67 1000.00000000000000 
  1609.29 1000.00000000000000 
  1612.90 1000.00000000000000 
  1616.52 1000.00000000000000 
  1620.14 1000.00000000000000 
  1623.75 1000.00000000000000 
  1627.37 1000.00000000000000 
  1630.99 1000.00000000000000 
  1634.60 1000.00000000000000 
  1638.22 1000.00000000000000 
  1641.84 1000.00000000000000 
  1645.45 1000.00000000000000 
  1649.07 1000.00000000000000 
  1652.69 1000.00000000000000 
  1656.30 1000.00000000000000 
  1659.92 1000.00000000000000 
  1663.54 1000.00000000000000 
  1667.16 1000.00000000000000 
  1670.77 1000.00000000000000 
  1674.39 1000.00000000000000 
  1678.01 1000.00000000000000 
  1681.62 1000.00000000000000 
  1685.24 1000.00000000000000 
  1688.86 1000.00000000000000 
  1692.47 1000.00000000000000 
  1696.09 1000.00000000000000 
  1699.71 1000.00000000000000 
  1703.32 1000.00000000000000 
  1706.94 1000.00000000000000 
  1710.56 1000.00000000000000 
  1714.17 1000.00000000000000 
  1717.79 1000.00000000000000 
  1721.41 1000.00000000000000 
  1725.02 1000.00000000000000 
  1728.64 1000.00000000000000 
  1732.26 1000.00000000000000 
  1735.87 1000.00000000000000 
  1739.49 1000.00000000000000 
  1743.11 1000.00000000000000 
  1746.73 1000.00000000000000 
  1750.34 1000.00000000000000 
  1753.96 1000.00000000000000 
  1757.58 1000.00000000000000 
  1761.19 1000.00000000000000 
  1764.81 1000.00000000000000 
  1768.43 1000.00000000000000 
  1772.04 1000.00000000000000 
  1775.66 1000.00000000000000 
  1779.28 1000.00000000000000 
  1782.89 1000.00000000000000 
  1786.51 1000.00000000000000 
  1790.13 1000.00000000000000 
  1793.74 1000.00000000000000 
  1797.36 1000.00000000000000 
  1800.98 1000.00000000000000 
  1804.59 1000.00000000000000 
  1808.21 1000.00000000000000 
  1811.83 1000.00000000000000 
  1815.44 1000.00000000000000 
  1819.06 1000.00000000000000 
  1822.68 1000.00000000000000 
  1826.30 1000.00000000000000 
  1829.91 1000.00000000000000 
  1833.53 1000.00000000000000 
  1837.15 1000.00000000000000 
  1840.76 1000.00000000000000 
  1844.38 1000.00000000000000 
  1848.00 1000.00000000000000 
  1851.61 1000.00000000000000 
  1855.23 1000.00000000000000 
  1858.85 1000.00000000000000 
  1862.46 1000.00000000000000 
  1866.08 1000.00000000000000 
  1869.70 1000.00000000000000 
  1873.31 1000.00000000000000 
  1876.93 1000.00000000000000 
  1880.55 1000.00000000000000 
  1884.16 1000.00000000000000 
  1887.78 1000.00000000000000 
  1891.40 1000.00000000000000 
  1895.01 1000.00000000000000 
  1898.63 1000.00000000000000 
  1902.25 1000.00000000000000 
  1905.87 1000.00000000000000 
  1909.48 1000.00000000000000 
  1913.10 1000.00000000000000 
  1916.72 1000.00000000000000 
  1920.33 1000.00000000000000 
  1923.95 1000.00000000000000 
  1927.57 1000.00000000000000 
  1931.18 1000.00000000000000 
  1934.80 1000.00000000000000 
  1938.42 1000.00000000000000 
  1942.03 1000.00000000000000 
  1945.65 1000.00000000000000 
  1949.27 1000.00000000000000 
  1952.88 1000.00000000000000 
  1956.50 1000.00000000000000 
  1960.12 1000.00000000000000 
  1963.73 1000.00000000000000 
  1967.35 1000.00000000000000 
  1970.97 1000.00000000000000 
  1974.58 1000.00000000000000 
  1978.20 1000.00000000000000 
  1981.82 1000.00000000000000 
  1985.43 1000.00000000000000 
  1989.05 1000.00000000000000 
  1992.67 1000.00000000000000 
  1996.29 1000.00000000000000 
  1999.90 1000.00000000000000 
  2003.52 1000.00000000000000 
  2007.14 1000.00000000000000 
  2010.75 1000.00000000000000 
  2014.37 1000.00000000000000 
  2017.99 1000.00000000000000 
  2021.60 1000.00000000000000 
  2025.22 1000.00000000000000 
  2028.84 1000.00000000000000 
  2032.45 1000.00000000000000 
  2036.07 1000.00000000000000 
  2039.69 1000.00000000000000 
  2043.30 1000.00000000000000 
  2046.92 1000.00000000000000 
  2050.54 1000.00000000000000 
  2054.15 1000.00000000000000 
  2057.77 1000.00000000000000 
  2061.39 1000.00000000000000 
  2065.00 1000.00000000000000 
  2068.62 1000.00000000000000 
  2072.24 1000.00000000000000 
  2075.86 1000.00000000000000 
  2079.47 1000.00000000000000 
  2083.09 1000.00000000000000 
  2086.71 1000.00000000000000 
  2090.32 1000.00000000000000 
  2093.94 1000.00000000000000 
  2097.56 1000.00000000000000 
  2101.17 1000.00000000000000 
  2104.79 1000.00000000000000 
  2108.41 1000.00000000000000 
  2112.02 1000.00000000000000 
  2115.64 1000.00000000000000 
  2119.26 1000.00000000000000 
  2122.87 1000.00000000000000 
  2126.49 1000.00000000000000 
  2130.11 1000.00000000000000 
  2133.72 1000.00000000000000 
  2137.34 1000.00000000000000 
  2140.96 1000.00000000000000 
  2144.57 1000.00000000000000 
  2148.19 1000.00000000000000 
  2151.81 1000.00000000000000 
  2155.43 1000.00000000000000 
  2159.04 1000.00000000000000 
  2162.66 1000.00000000000000 
  2166.28 1000.00000000000000 
  2169.89 1000.00000000000000 
  2173.51 1000.00000000000000 
  2177.13 1000.00000000000000 
  2180.74 1000.00000000000000 
  2184.36 1000.00000000000000 
  2187.98 1000.00000000000000 
  2191.59 1000.00000000000000 
  2195.21 1000.00000000000000 
  2198.83 1000.00000000000000 
  2202.44 1000.00000000000000 
  2206.06 1000.00000000000000 
  2209.68 1000.00000000000000 
  2213.29 1000.00000000000000 
  2216.91 1000.00000000000000 
  2220.53 1000.00000000000000 
  2224.14 1000.00000000000000 
  2227.76 1000.00000000000000 
  2231.38 1000.00000000000000 
  2235.00 1000.00000000000000 
  2238.61 1000.00000000000000 
  2242.23 1000.00000000000000 
  2245.85 1000.00000000000000 
  2249.46 1000.00000000000000 
  2253.08 1000.00000000000000 
  2256.70 1000.00000000000000 
  2260.31 1000.00000000000000 
  2263.93 1000.00000000000000 
  2267.55 1000.00000000000000 
  2271.16 1000.00000000000000 
  2274.78 1000.00000000000000 
  2278.40 1000.00000000000000 
  2282.01 1000.00000000000000 
  2285.63 1000.00000000000000 
  2289.25 1000.00000000000000 
  2292.86 1000.00000000000000 
  2296.48 1000.00000000000000 
  2300.10 1000.00000000000000 
  2303.71 1000.00000000000000 
  2307.33 1000.00000000000000 
  2310.95 1000.00000000000000 
  2314.57 1000.00000000000000 
  2318.18 1000.00000000000000 
  2321.80 1000.00000000000000 
  2325.42 1000.00000000000000 
  2329.03 1000.00000000000000 
  2332.65 1000.00000000000000 
  2336.27 1000.00000000000000 
  2339.88 1000.00000000000000 
  2343.50 1000.00000000000000 
  2347.12 1000.00000000000000 
  2350.73 1000.00000000000000 
  2354.35 1000.00000000000000 
  2357.97 1000.00000000000000 
  2361.58 1000.00000000000000 
  2365.20 1000.00000000000000 
  2368.82 1000.00000000000000 
  2372.43 1000.00000000000000 
  2376.05 1000.00000000000000 
  2379.67 1000.00000000000000 
  2383.28 1000.00000000000000 
  2386.90 1000.00000000000000 
  2390.52 1000.00000000000000 
  2394.13 1000.00000000000000 
  2397.75 1000.00000000000000 
  2401.37 1000.00000000000000 
  2404.99 1000.00000000000000 
  2408.60 1000.00000000000000 
  2412.22 1000.00000000000000 
  2415.84 1000.00000000000000 
  2419.45 1000.00000000000000 
  2423.07 1000.00000000000000 
  2426.69 1000.00000000000000 
  2430.30 1000.00000000000000 
  2433.92 1000.00000000000000 
  2437.54 1000.00000000000000 
  2441.15 1000.00000000000000 
  2444.77 1000.00000000000000 
  2448.39 1000.00000000000000 
  2452.00 1000.00000000000000 
  2455.62 1000.00000000000000 
  2459.24 1000.00000000000000 
  2462.85 1000.00000000000000 
  2466.47 1000.00000000000000 
  2470.09 1000.00000000000000 
  2473.70 1000.00000000000000 
  2477.32 1000.00000000000000 
  2480.94 1000.00000000000000 
  2484.56 1000.00000000000000 
  2488.17 1000.00000000000000 
  2491.79 1000.00000000000000 
  2495.41 1000.00000000000000 
  2499.02 1000.00000000000000 
  2502.64 1000.00000000000000 
  2506.26 1000.00000000000000 
  2509.87 1000.00000000000000 
  2513.49 1000.00000000000000 
  2517.11 1000.00000000000000 
  2520.72 1000.00000000000000 
  2524.34 1000.00000000000000 
  2527.96 1000.00000000000000 
  2531.57 1000.00000000000000 
  2535.19 1000.00000000000000 
  2538.81 1000.00000000000000 
  2542.42 1000.00000000000000 
  2546.04 1000.00000000000000 
  2549.66 1000.00000000000000 
  2553.27 1000.00000000000000 
  2556.89 1000.00000000000000 
  2560.51 1000.00000000000000 
  2564.13 1000.00000000000000 
  2567.74 1000.00000000000000 
  2571.36 1000.00000000000000 
  2574.98 1000.00000000000000 
  2578.59 1000.00000000000000 
  2582.21 1000.00000000000000 
  2585.83 1000.00000000000000 
  2589.44 1000.00000000000000 
  2593.06 1000.00000000000000 
  2596.68 1000.00000000000000 
  2600.29 1000.00000000000000 
  2603.91 1000.00000000000000 
  2607.53 1000.00000000000000 
  2611.14 1000.00000000000000 
  2614.76 1000.00000000000000 
  2618.38 1000.00000000000000 
  2621.99 1000.00000000000000 
  2625.61 1000.00000000000000 
  2629.23 1000.00000000000000 
  2632.84 1000.00000000000000 
  2636.46 1000.00000000000000 
  2640.08 1000.00000000000000 
  2643.70 1000.00000000000000 
  2647.31 1000.00000000000000 
  2650.93 1000.00000000000000 
  2654.55 1000.00000000000000 
  2658.16 1000.00000000000000 
  2661.78 1000.00000000000000 
  2665.40 1000.00000000000000 
  2669.01 1000.00000000000000 
  2672.63 1000.00000000000000 
  2676.25 1000.00000000000000 
  2679.86 1000.00000000000000 
  2683.48 1000.00000000000000 
  2687.10 1000.00000000000000 
  2690.71 1000.00000000000000 
  2694.33 1000.00000000000000 
  2697.95 1000.00000000000000 
  2701.56 1000.00000000000000 
  2705.18 1000.00000000000000 
  2708.80 1000.00000000000000 
  2712.41 1000.00000000000000 
  2716.03 1000.00000000000000 
  2719.65 1000.00000000000000 
  2723.26 1000.00000000000000 
  2726.88 1000.00000000000000 
  2730.50 1000.00000000000000 
  2734.12 1000.00000000000000 
  2737.73 1000.00000000000000 
  2741.35 1000.00000000000000 
  2744.97 1000.00000000000000 
  2748.58 1000.00000000000000 
  2752.20 1000.00000000000000 
  2755.82 1000.00000000000000 
  2759.43 1000.00000000000000 
  2763.05 1000.00000000000000 
  2766.67 1000.00000000000000 
  2770.28 1000.00000000000000 
  2773.90 1000.00000000000000 
  2777.52 1000.00000000000000 
  2781.13 1000.00000000000000 
  2784.75 1000.00000000000000 
  2788.37 1000.00000000000000 
  2791.98 1000.00000000000000 
  2795.60 1000.00000000000000 
  2799.22 1000.00000000000000 
  2802.83 1000.00000000000000 
  2806.45 1000.00000000000000 
  2810.07 1000.00000000000000 
  2813.69 1000.00000000000000 
  2817.30 1000.00000000000000 
  2820.92 1000.00000000000000 
  2824.54 1000.00000000000000 
  2828.15 1000.00000000000000 
  2831.77 1000.00000000000000 
  2835.39 1000.00000000000000 
  2839.00 1000.00000000000000 
  2842.62 1000.00000000000000 
  2846.24 1000.00000000000000 
  2849.85 1000.00000000000000 
  2853.47 1000.00000000000000 
  2857.09 1000.00000000000000 
  2860.70 1000.00000000000000 
  2864.32 1000.00000000000000 
  2867.94 1000.00000000000000 
  2871.55 1000.00000000000000 
  2875.17 1000.00000000000000 
  2878.79 1000.00000000000000 
  2882.40 1000.00000000000000 
  2886.02 1000.00000000000000 
  2889.64 1000.00000000000000 
  2893.26 1000.00000000000000 
  2896.87 1000.00000000000000 
  2900.49 1000.00000000000000 
  2904.11 1000.00000000000000 
  2907.72 1000.00000000000000 
  2911.34 1000.00000000000000 
  2914.96 1000.00000000000000 
  2918.57 1000.00000000000000 
  2922.19 1000.00000000000000 
  2925.81 1000.00000000000000 
  2929.42 1000.00000000000000 
  2933.04 1000.00000000000000 
  2936.66 1000.00000000000000 
  2940.27 1000.00000000000000 
  2943.89 1000.00000000000000 
  2947.51 1000.00000000000000 
  2951.12 1000.00000000000000 
  2954.74 1000.00000000000000 
  2958.36 1000.00000000000000 
  2961.97 1000.00000000000000 
  2965.59 1000.00000000000000 
  2969.21 1000.00000000000000 
  2972.83 1000.00000000000000 
  2976.44 1000.00000000000000 
  2980.06 1000.00000000000000 
  2983.68 1000.00000000000000 
  2987.29 1000.00000000000000 
  2990.91 1000.00000000000000 
  2994.53 1000.00000000000000 
  2998.14 1000.00000000000000 
  3001.76 1000.00000000000000 
  3005.38 1000.00000000000000 
  3008.99 1000.00000000000000 
  3012.61 1000.00000000000000 
  3016.23 1000.00000000000000 
  3019.84 1000.00000000000000 
  3023.46 1000.00000000000000 
  3027.08 1000.00000000000000 
  3030.69 1000.00000000000000 
  3034.31 1000.00000000000000 
  3037.93 1000.00000000000000 
  3041.54 1000.00000000000000 
  3045.16 1000.00000000000000 
  3048.78 1000.00000000000000 
  3052.39 1000.00000000000000 
  3056.01 1000.00000000000000 
  3059.63 1000.00000000000000 
  3063.25 1000.00000000000000 
  3066.86 1000.00000000000000 
  3070.48 1000.00000000000000 
  3074.10 1000.00000000000000 
  3077.71 1000.00000000000000 
  3081.33 1000.00000000000000 
  3084.95 1000.00000000000000 
  3088.56 1000.00000000000000 
  3092.18 1000.00000000000000 
  3095.80 1000.00000000000000 
  3099.41 1000.00000000000000 
  3103.03 1000.00000000000000 
  3106.65 1000.00000000000000 
  3110.26 1000.00000000000000 
  3113.88 1000.00000000000000 
  3117.50 1000.00000000000000 
  3121.11 1000.00000000000000 
  3124.73 1000.00000000000000 
  3128.35 1000.00000000000000 
  3131.96 1000.00000000000000 
  3135.58 1000.00000000000000 
  3139.20 1000.00000000000000 
  3142.82 1000.00000000000000 
  3146.43 1000.00000000000000 
  3150.05 1000.00000000000000 
  3153.67 1000.00000000000000 
  3157.28 1000.00000000000000 
  3160.90 1000.00000000000000 
  3164.52 1000.00000000000000 
  3168.13 1000.00000000000000 
  3171.75 1000.00000000000000 
  3175.37 1000.00000000000000 
  3178.98 1000.00000000000000 
  3182.60 1000.00000000000000 
  3186.22 1000.00000000000000 
  3189.83 1000.00000000000000 
  3193.45 1000.00000000000000 
  3197.07 1000.00000000000000 
  3200.68 1000.00000000000000 
  3204.30 1000.00000000000000 
  3207.92 1000.00000000000000 
  3211.53 1000.00000000000000 
  3215.15 1000.00000000000000 
  3218.77 1000.00000000000000 
  3222.39 1000.00000000000000 
  3226.00 1000.00000000000000 
  3229.62 1000.00000000000000 
  3233.24 1000.00000000000000 
  3236.85 1000.00000000000000 
  3240.47 1000.00000000000000 
  3244.09 1000.00000000000000 
  3247.70 1000.00000000000000 
  3251.32 1000.00000000000000 
  3254.94 1000.00000000000000 
  3258.55 1000.00000000000000 
  3262.17 1000.00000000000000 
  3265.79 1000.00000000000000 
  3269.40 1000.00000000000000 
  3273.02 1000.00000000000000 
  3276.64 1000.00000000000000 
  3280.25 1000.00000000000000 
  3283.87 1000.00000000000000 
  3287.49 1000.00000000000000 
  3291.10 1000.00000000000000 
  3294.72 1000.00000000000000 
  3298.34 1000.00000000000000 
  3301.96 1000.00000000000000 
  3305.57 1000.00000000000000 
  3309.19 1000.00000000000000 
  3312.81 1000.00000000000000 
  3316.42 1000.00000000000000 
  3320.04 1000.00000000000000 
  3323.66 1000.00000000000000 
  3327.27 1000.00000000000000 
  3330.89 1000.00000000000000 
  3334.51 1000.00000000000000 
  3338.12 1000.00000000000000 
  3341.74 1000.00000000000000 
  3345.36 1000.00000000000000 
  3348.97 1000.00000000000000 
  3352.59 1000.00000000000000 
  3356.21 1000.00000000000000 
  3359.82 1000.00000000000000 
  3363.44 1000.00000000000000 
  3367.06 1000.00000000000000 
  3370.67 1000.00000000000000 
  3374.29 1000.00000000000000 
  3377.91 1000.00000000000000 
  3381.52 1000.00000000000000 
  3385.14 1000.00000000000000 
  3388.76 1000.00000000000000 
  3392.38 1000.00000000000000 
  3395.99 1000.00000000000000 
  3399.61 1000.00000000000000 
  3403.23 1000.00000000000000 
  3406.84 1000.00000000000000 
  3410.46 1000.00000000000000 
  3414.08 1000.00000000000000 
  3417.69 1000.00000000000000 
  3421.31 1000.00000000000000 
  3424.93 1000.00000000000000 
  3428.54 1000.00000000000000 
  3432.16 1000.00000000000000 
  3435.78 1000.00000000000000 
  3439.39 999.99999886020237 
  3443.01 999.99999760922981 
  3446.63 999.99999512867930 
  3450.24 999.99999035828250 
  3453.86 999.99998146208497 
  3457.48 999.99996537688241 
  3461.09 999.99993718400367 
  3464.71 999.99988929349661 
  3468.33 999.99981047137373 
  3471.95 999.99968480792086 
  3475.56 999.99949081620423 
  3479.18 999.99920095239759 
  3482.80 999.99878193761913 
  3486.41 999.99819629625335 
  3490.03 999.99740546410442 
  3493.65 999.99637462480496 
  3497.26 999.99507909440308 
  3500.88 999.99351162552091 
  3504.50 999.99168540139613 
  3508.11 999.98965155470353 
  3511.73 999.98748572777924 
  3515.35 999.98529386544385 
  3518.96 999.98320176360642 
  3522.58 999.98134119439749 
  3526.20 999.97983202654109 
  3529.81 999.97876270830852 
  3533.43 999.97817213773624 
  3537.05 999.97803605734134 
  3540.66 999.97826063849971 
  3544.28 999.97868497397781 
  3547.90 999.97909299098842 
  3551.52 999.97923406955329 
  3555.13 999.97885057910719 
  3558.75 999.97770970119257 
  3562.37 999.97563626798831 
  3565.98 999.97254287366559 
  3569.60 999.96845323016703 
  3573.22 999.96351477749261 
  3576.83 999.95799714845089 
  3580.45 999.95227444382101 
  3584.07 999.94679145108194 
  3587.68 999.94201671251733 
  3591.30 999.93838818420136 
  3594.92 999.93625939422179 
  3598.53 999.93585479560659 
  3602.15 999.93724198591190 
  3605.77 999.94032567516103 
  3609.38 999.94486428908090 
  3613.00 999.95050583761372 
  3616.62 999.95683620301315 
  3620.23 999.96343113277430 
  3623.85 999.96990332307018 
  3627.47 999.97593786462539 
  3631.09 999.98131291471714 
  3634.70 999.98590161722984 
  3638.32 999.98966772809626 
  3641.94 999.99264434833037 
  3645.55 999.99491319274125 
  3649.17 999.99658281722077 
  3652.79 999.99777007665045 
  3656.40 999.99858645232621 
  3660.02 999.99912957814968 
  3663.64 999.99947934755971 
  3667.25 999.99969747251907 
  3670.87 999.99982924219910 
  3674.49 999.99990637430074 
  3678.10 999.99995013355658 
  3681.72 999.99997419995191 
  3685.34 999.99998703324115 
  3688.95 999.99999366945428 
  3692.57 999.99999699773059 
  3696.19 1000.00000000000000 
  3699.80 1000.00000000000000 
  3703.42 1000.00000000000000 
  3707.04 1000.00000000000000 
  3710.65 1000.00000000000000 
  3714.27 1000.00000000000000 
  3717.89 1000.00000000000000 
  3721.51 1000.00000000000000 
  3725.12 1000.00000000000000 
  3728.74 1000.00000000000000 
  3732.36 1000.00000000000000 
  3735.97 1000.00000000000000 
  3739.59 1000.00000000000000 
  3743.21 1000.00000000000000 
  3746.82 1000.00000000000000 
  3750.44 1000.00000000000000 
  3754.06 1000.00000000000000 
  3757.67 1000.00000000000000 
  3761.29 1000.00000000000000 
  3764.91 1000.00000000000000 
  3768.52 1000.00000000000000 
  3772.14 1000.00000000000000 
  3775.76 1000.00000000000000 
  3779.37 1000.00000000000000 
  3782.99 1000.00000000000000 
  3786.61 1000.00000000000000 
  3790.22 1000.00000000000000 
  3793.84 1000.00000000000000 
  3797.46 1000.00000000000000 
  3801.08 1000.00000000000000 
  3804.69 1000.00000000000000 
  3808.31 1000.00000000000000 
  3811.93 1000.00000000000000 
  3815.54 1000.00000000000000 
  3819.16 1000.00000000000000 
  3822.78 1000.00000000000000 
  3826.39 1000.00000000000000 
  3830.01 1000.00000000000000 
  3833.63 1000.00000000000000 
  3837.24 1000.00000000000000 
  3840.86 1000.00000000000000 
  3844.48 1000.00000000000000 
  3848.09 1000.00000000000000 
  3851.71 1000.00000000000000 
  3855.33 1000.00000000000000 
  3858.94 1000.00000000000000 
  3862.56 1000.00000000000000 
  3866.18 1000.00000000000000 
  3869.79 1000.00000000000000 
  3873.41 1000.00000000000000 
  3877.03 1000.00000000000000 
  3880.65 1000.00000000000000 
  3884.26 1000.00000000000000 
  3887.88 1000.00000000000000 
  3891.50 1000.00000000000000 
  3895.11 1000.00000000000000 
  3898.73 1000.00000000000000 
  3902.35 1000.00000000000000 
  3905.96 1000.00000000000000 
  3909.58 1000.00000000000000 
  3913.20 1000.00000000000000 
  3916.81 1000.00000000000000 
  3920.43 1000.00000000000000 
  3924.05 1000.00000000000000 
  3927.66 1000.00000000000000 
  3931.28 1000.00000000000000 
  3934.90 1000.00000000000000 
  3938.51 1000.00000000000000 
  3942.13 1000.00000000000000 
  3945.75 1000.00000000000000 
  3949.36 1000.00000000000000 
  3952.98 1000.00000000000000 
  3956.60 1000.00000000000000 
  3960.22 1000.00000000000000 
  3963.83 1000.00000000000000 
  3967.45 1000.00000000000000 
  3971.07 1000.00000000000000 
  3974.68 1000.00000000000000 
  3978.30 1000.00000000000000 
  3981.92 1000.00000000000000 
  3985.53 1000.00000000000000 
  3989.15 1000.00000000000000 
  3992.77 1000.00000000000000 
  3996.38 1000.00000000000000 
  4000.00 1000.00000000000000 
